    0.0+     0 1   1.390       0.000      0.3182E-01   1.359       1.390    
    1.0-     1 1   4.163       0.000      0.1094       4.054       4.163    
    2.0+     2 1   6.910       0.000      0.2426       6.668       6.910    
    3.0-     3 1   9.610       0.000      0.3649       9.245       9.610    
    4.0+     4 1   12.23       0.000      0.5026       11.73       12.23    
    5.0-     5 1   14.73       0.000      0.6580       14.07       14.73    
    6.0+     6 1   17.02       0.000      0.8258       16.20       17.02    
    7.0-     7 1   19.02       0.000      0.9911       18.03       19.02    
    8.0+     8 1   20.57       0.000       1.127       19.44       20.57    
    9.0-     9 1   21.47       0.000       1.202       20.27       21.47    
   10.0+    10 1   21.52       0.000       1.193       20.33       21.52    
   11.0-    11 1   20.56       0.000       1.108       19.45       20.56    
   12.0+    12 1   18.61       0.000       1.003       17.60       18.61    
   13.0-    13 1   15.94       0.000      0.9666       14.97       15.94    
   14.0+    14 1   13.01       0.000       1.073       11.94       13.01    
   15.0-    15 1   10.25       0.000       1.339       8.913       10.25    
   16.0+    16 1   7.925       0.000       1.717       6.207       7.925    
   17.0-    17 1   6.092       0.000       2.136       3.956       6.092    
   18.0+    18 1   4.697       0.000       2.535       2.162       4.697    
   19.0-    19 1   3.643       0.000       2.878      0.7650       3.643    
   20.0+    20 1   2.841       0.000       3.152     -0.3103       2.841    
   21.0-    21 1   2.224       0.000       3.357      -1.133       2.224    
   22.0+    22 1   1.743       0.000       3.501      -1.758       1.743    
   23.0-    23 1   1.365       0.000       3.592      -2.227       1.365    
   24.0+    24 1   1.066       0.000       3.639      -2.573       1.066    
   25.0-    25 1  0.8305       0.000       3.651      -2.820      0.8305    
   26.0+    26 1  0.6445       0.000       3.634      -2.989      0.6445    
   27.0-    27 1  0.4981       0.000       3.594      -3.096      0.4981    
   28.0+    28 1  0.3834       0.000       3.537      -3.154      0.3834    
   29.0-    29 1  0.2939       0.000       3.467      -3.173      0.2939    
   30.0+    30 1  0.2244       0.000       3.387      -3.162      0.2244    
   31.0-    31 1  0.1706       0.000       3.299      -3.129      0.1706    
   32.0+    32 1  0.1293       0.000       3.207      -3.078      0.1293    
   33.0-    33 1  0.9756E-01   0.000       3.112      -3.014      0.9756E-01
   34.0+    34 1  0.7338E-01   0.000       3.015      -2.941      0.7338E-01
   35.0-    35 1  0.5500E-01   0.000       2.917      -2.862      0.5500E-01
   36.0+    36 1  0.4110E-01   0.000       2.820      -2.779      0.4110E-01
   37.0-    37 1  0.3061E-01   0.000       2.723      -2.693      0.3061E-01
   38.0+    38 1  0.2274E-01   0.000       2.629      -2.606      0.2274E-01
   39.0-    39 1  0.1684E-01   0.000       2.536      -2.519      0.1684E-01
   40.0+    40 1  0.1244E-01   0.000       2.445      -2.433      0.1244E-01
   41.0-    41 1  0.9167E-02   0.000       2.357      -2.348      0.9167E-02
   42.0+    42 1  0.6739E-02   0.000       2.271      -2.264      0.6739E-02
   43.0-    43 1  0.4943E-02   0.000       2.188      -2.183      0.4943E-02
   44.0+    44 1  0.3618E-02   0.000       2.107      -2.104      0.3618E-02
   45.0-    45 1  0.2643E-02   0.000       2.029      -2.027      0.2643E-02
   46.0+    46 1  0.1926E-02   0.000       1.954      -1.952      0.1926E-02
   47.0-    47 1  0.1402E-02   0.000       1.881      -1.880      0.1402E-02
   48.0+    48 1  0.1018E-02   0.000       1.811      -1.810      0.1018E-02
   49.0-    49 1  0.7384E-03   0.000       1.744      -1.743      0.7384E-03
   50.0+    50 1  0.5346E-03   0.000       1.679      -1.678      0.5346E-03
   51.0-    51 1  0.3865E-03   0.000       1.616      -1.616      0.3865E-03
   52.0+    52 1  0.2790E-03   0.000       1.556      -1.555      0.2790E-03
   53.0-    53 1  0.2011E-03   0.000       1.498      -1.498      0.2011E-03
   54.0+    54 1  0.1447E-03   0.000       1.442      -1.442      0.1447E-03
   55.0-    55 1  0.1041E-03   0.000       1.389      -1.388      0.1041E-03
   56.0+    56 1  0.7472E-04   0.000       1.337      -1.337      0.7472E-04
   57.0-    57 1  0.5359E-04   0.000       1.288      -1.288      0.5359E-04
   58.0+    58 1  0.3839E-04   0.000       1.240      -1.240      0.3839E-04
   59.0-    59 1  0.2747E-04   0.000       1.194      -1.194      0.2747E-04
   60.0+    60 1  0.1964E-04   0.000       1.150      -1.150      0.1964E-04
   61.0-    61 1  0.1403E-04   0.000       1.108      -1.108      0.1403E-04
   62.0+    62 1  0.1001E-04   0.000       1.068      -1.068      0.1001E-04
   63.0-    63 1  0.7134E-05   0.000       1.029      -1.029      0.7134E-05
   64.0+    64 1  0.5081E-05   0.000      0.9910     -0.9910      0.5081E-05
   65.0-    65 1  0.3615E-05   0.000      0.9550     -0.9550      0.3615E-05
   66.0+    66 1  0.2570E-05   0.000      0.9205     -0.9205      0.2570E-05
   67.0-    67 1  0.1826E-05   0.000      0.8871     -0.8871      0.1826E-05
   68.0+    68 1  0.1296E-05   0.000      0.8552     -0.8552      0.1296E-05
   69.0-    69 1  0.9195E-06   0.000      0.8245     -0.8245      0.9195E-06
   70.0+    70 1  0.6518E-06   0.000      0.7948     -0.7948      0.6518E-06
   71.0-    71 1  0.4617E-06   0.000      0.7665     -0.7665      0.4617E-06
   72.0+    72 1  0.3268E-06   0.000      0.7391     -0.7391      0.3268E-06
   73.0-    73 1  0.2312E-06   0.000      0.7128     -0.7128      0.2312E-06
   74.0+    74 1  0.1635E-06   0.000      0.6876     -0.6876      0.1635E-06
   75.0-    75 1  0.1155E-06   0.000      0.6632     -0.6632      0.1155E-06
   76.0+    76 1  0.8155E-07   0.000      0.6398     -0.6398      0.8155E-07
   77.0-    77 1  0.5756E-07   0.000      0.6174     -0.6174      0.5755E-07
   78.0+    78 1  0.4060E-07   0.000      0.5957     -0.5957      0.4060E-07
   79.0-    79 1  0.2862E-07   0.000      0.5748     -0.5748      0.2862E-07
   80.0+    80 1  0.2016E-07   0.000      0.5549     -0.5549      0.2017E-07
   81.0-    81 1  0.1419E-07   0.000      0.5355     -0.5355      0.1420E-07
   82.0+    82 1  0.9992E-08   0.000      0.5169     -0.5169      0.9997E-08
   83.0-    83 1  0.7033E-08   0.000      0.4991     -0.4991      0.7034E-08
   84.0+    84 1  0.4946E-08   0.000      0.4818     -0.4818      0.4947E-08
   85.0-    85 1  0.3483E-08   0.000      0.4652     -0.4652      0.3477E-08
   86.0+    86 1  0.2438E-08   0.000      0.4493     -0.4493      0.2443E-08
   87.0-    87 1  0.1720E-08   0.000      0.4338     -0.4338      0.1716E-08
   88.0+    88 1  0.1215E-08   0.000      0.4191     -0.4191      0.1205E-08
   89.0-    89 1  0.8593E-09   0.000      0.4047     -0.4047      0.8455E-09
   90.0+    90 1  0.5844E-09   0.000      0.3909     -0.3909      0.5931E-09
   91.0-    91 1  0.4128E-09   0.000      0.3777     -0.3777      0.4159E-09
   92.0+    92 1  0.2870E-09   0.000      0.3649     -0.3649      0.2916E-09
   93.0-    93 1  0.2117E-09   0.000      0.3525     -0.3525      0.2043E-09
   94.0+    94 1  0.1432E-09   0.000      0.3407     -0.3407      0.1431E-09
   95.0-    95 1  0.9537E-10   0.000      0.3292     -0.3292      0.1002E-09
   96.0+    96 1  0.7719E-10   0.000      0.3181     -0.3181      0.7016E-10
   97.0-    97 1  0.4215E-10   0.000      0.3076     -0.3076      0.4910E-10
   98.0+    98 1  0.6636E-10   0.000      0.2972     -0.2972      0.3435E-10
   99.0-    99 1  0.6440E-12   0.000      0.2873     -0.2873      0.2402E-10
  100.0+   100 1  0.7285E-11   0.000      0.2778     -0.2778      0.1680E-10
  101.0-   101 1 -0.1616E-10   0.000      0.2685     -0.2685      0.1174E-10
  102.0+   102 1 -0.1141E-10   0.000      0.2596     -0.2596      0.8204E-11
  103.0-   103 1  0.6296E-11   0.000      0.2510     -0.2510      0.5731E-11
  104.0+   104 1 -0.8522E-11   0.000      0.2427     -0.2427      0.4002E-11
