   11.00      0.7139E+06
   12.00      0.5046E+06
   13.00      0.3668E+06
   14.00      0.2731E+06
   15.00      0.2076E+06
   16.00      0.1606E+06
   17.00      0.1262E+06
   18.00      0.1006E+06
   19.00      0.8119E+05
   20.00      0.6626E+05
   21.00      0.5462E+05
   22.00      0.4545E+05
   23.00      0.3813E+05
   24.00      0.3224E+05
   25.00      0.2745E+05
   26.00      0.2353E+05
   27.00      0.2028E+05
   28.00      0.1759E+05
   29.00      0.1533E+05
   30.00      0.1343E+05
   31.00      0.1181E+05
   32.00      0.1044E+05
   33.00       9259.    
   34.00       8245.    
   35.00       7368.    
   36.00       6607.    
   37.00       5943.    
   38.00       5362.    
   39.00       4852.    
   40.00       4403.    
   41.00       4005.    
   42.00       3653.    
   43.00       3339.    
   44.00       3059.    
   45.00       2809.    
   46.00       2584.    
   47.00       2382.    
   48.00       2201.    
   49.00       2037.    
   50.00       1889.    
   51.00       1755.    
   52.00       1632.    
   53.00       1520.    
   54.00       1418.    
   55.00       1325.    
   56.00       1239.    
   57.00       1161.    
   58.00       1090.    
   59.00       1025.    
   60.00       964.9    
   61.00       909.8    
   62.00       858.9    
   63.00       811.6    
   64.00       767.7    
   65.00       726.6    
   66.00       688.1    
   67.00       652.0    
   68.00       618.1    
   69.00       586.5    
   70.00       557.0    
   71.00       529.6    
   72.00       504.1    
   73.00       480.7    
   74.00       459.1    
   75.00       439.4    
   76.00       421.2    
   77.00       404.6    
   78.00       389.3    
   79.00       375.2    
   80.00       362.2    
   81.00       349.9    
   82.00       338.4    
   83.00       327.4    
   84.00       316.8    
   85.00       306.5    
   86.00       296.4    
   87.00       286.5    
   88.00       276.6    
   89.00       266.8    
   90.00       257.0    
   91.00       247.2    
   92.00       237.4    
   93.00       227.7    
   94.00       217.9    
   95.00       208.3    
   96.00       198.7    
   97.00       189.3    
   98.00       180.0    
   99.00       170.9    
  100.00       162.0    
   101.0       153.4    
   102.0       144.9    
   103.0       136.8    
   104.0       128.9    
   105.0       121.4    
   106.0       114.1    
   107.0       107.2    
   108.0       100.5    
   109.0       94.25    
   110.0       88.26    
   111.0       82.60    
   112.0       77.23    
   113.0       72.18    
   114.0       67.41    
   115.0       62.93    
   116.0       58.72    
   117.0       54.77    
   118.0       51.08    
   119.0       47.62    
   120.0       44.39    
   121.0       41.38    
   122.0       38.57    
   123.0       35.96    
   124.0       33.53    
   125.0       31.26    
   126.0       29.16    
   127.0       27.21    
   128.0       25.39    
   129.0       23.71    
   130.0       22.15    
   131.0       20.70    
   132.0       19.36    
   133.0       18.11    
   134.0       16.96    
   135.0       15.89    
   136.0       14.91    
   137.0       13.99    
   138.0       13.14    
   139.0       12.36    
   140.0       11.63    
   141.0       10.95    
   142.0       10.33    
   143.0       9.750    
   144.0       9.214    
   145.0       8.717    
   146.0       8.257    
   147.0       7.830    
   148.0       7.435    
   149.0       7.068    
   150.0       6.729    
   151.0       6.414    
   152.0       6.122    
   153.0       5.852    
   154.0       5.601    
   155.0       5.369    
   156.0       5.154    
   157.0       4.955    
   158.0       4.771    
   159.0       4.601    
   160.0       4.444    
   161.0       4.299    
   162.0       4.165    
   163.0       4.042    
   164.0       3.929    
   165.0       3.825    
   166.0       3.730    
   167.0       3.644    
   168.0       3.566    
   169.0       3.495    
   170.0       3.431    
   171.0       3.375    
   172.0       3.325    
   173.0       3.281    
   174.0       3.244    
   175.0       3.213    
   176.0       3.188    
   177.0       3.168    
   178.0       3.154    
   179.0       3.146    
   180.0       3.143    
