# Fusion cross sections for ELAB=  44.000, ECM=  35.200
     0.0   1.359       1.390      0.3182E-01   1.390    
     1.0   4.054       4.163      0.1094       4.163    
     2.0   6.668       6.910      0.2426       6.910    
     3.0   9.245       9.610      0.3649       9.610    
     4.0   11.73       12.23      0.5026       12.23    
     5.0   14.07       14.73      0.6580       14.73    
     6.0   16.20       17.02      0.8258       17.02    
     7.0   18.03       19.02      0.9911       19.02    
     8.0   19.44       20.57       1.127       20.57    
     9.0   20.27       21.47       1.202       21.47    
    10.0   20.33       21.52       1.193       21.52    
    11.0   19.45       20.56       1.108       20.56    
    12.0   17.60       18.61       1.003       18.61    
    13.0   14.97       15.94      0.9666       15.94    
    14.0   11.94       13.01       1.073       13.01    
    15.0   8.913       10.25       1.339       10.25    
    16.0   6.207       7.925       1.717       7.925    
    17.0   3.956       6.092       2.136       6.092    
    18.0   2.162       4.697       2.535       4.697    
    19.0  0.7650       3.643       2.878       3.643    
    20.0 -0.3103       2.841       3.152       2.841    
    21.0  -1.133       2.224       3.357       2.224    
    22.0  -1.758       1.743       3.501       1.743    
    23.0  -2.227       1.365       3.592       1.365    
    24.0  -2.573       1.066       3.639       1.066    
    25.0  -2.820      0.8305       3.651      0.8305    
    26.0  -2.989      0.6445       3.634      0.6445    
    27.0  -3.096      0.4981       3.594      0.4981    
    28.0  -3.154      0.3834       3.537      0.3834    
    29.0  -3.173      0.2939       3.467      0.2939    
    30.0  -3.162      0.2244       3.387      0.2244    
    31.0  -3.129      0.1706       3.299      0.1706    
    32.0  -3.078      0.1293       3.207      0.1293    
    33.0  -3.014      0.9756E-01   3.112      0.9756E-01
    34.0  -2.941      0.7338E-01   3.015      0.7338E-01
    35.0  -2.862      0.5500E-01   2.917      0.5500E-01
    36.0  -2.779      0.4110E-01   2.820      0.4110E-01
    37.0  -2.693      0.3061E-01   2.723      0.3061E-01
    38.0  -2.606      0.2274E-01   2.629      0.2274E-01
    39.0  -2.519      0.1684E-01   2.536      0.1684E-01
    40.0  -2.433      0.1244E-01   2.445      0.1244E-01
    41.0  -2.348      0.9167E-02   2.357      0.9167E-02
    42.0  -2.264      0.6739E-02   2.271      0.6739E-02
    43.0  -2.183      0.4943E-02   2.188      0.4943E-02
    44.0  -2.104      0.3618E-02   2.107      0.3618E-02
    45.0  -2.027      0.2643E-02   2.029      0.2643E-02
    46.0  -1.952      0.1926E-02   1.954      0.1926E-02
    47.0  -1.880      0.1402E-02   1.881      0.1402E-02
    48.0  -1.810      0.1018E-02   1.811      0.1018E-02
    49.0  -1.743      0.7384E-03   1.744      0.7384E-03
    50.0  -1.678      0.5346E-03   1.679      0.5346E-03
    51.0  -1.616      0.3865E-03   1.616      0.3865E-03
    52.0  -1.555      0.2790E-03   1.556      0.2790E-03
    53.0  -1.498      0.2011E-03   1.498      0.2011E-03
    54.0  -1.442      0.1447E-03   1.442      0.1447E-03
    55.0  -1.388      0.1041E-03   1.389      0.1041E-03
    56.0  -1.337      0.7472E-04   1.337      0.7472E-04
    57.0  -1.288      0.5359E-04   1.288      0.5359E-04
    58.0  -1.240      0.3839E-04   1.240      0.3839E-04
    59.0  -1.194      0.2747E-04   1.194      0.2747E-04
    60.0  -1.150      0.1964E-04   1.150      0.1964E-04
    61.0  -1.108      0.1403E-04   1.108      0.1403E-04
    62.0  -1.068      0.1001E-04   1.068      0.1001E-04
    63.0  -1.029      0.7134E-05   1.029      0.7134E-05
    64.0 -0.9910      0.5081E-05  0.9910      0.5081E-05
    65.0 -0.9550      0.3615E-05  0.9550      0.3615E-05
    66.0 -0.9205      0.2570E-05  0.9205      0.2570E-05
    67.0 -0.8871      0.1826E-05  0.8871      0.1826E-05
    68.0 -0.8552      0.1296E-05  0.8552      0.1296E-05
    69.0 -0.8245      0.9195E-06  0.8245      0.9195E-06
    70.0 -0.7948      0.6518E-06  0.7948      0.6518E-06
    71.0 -0.7665      0.4617E-06  0.7665      0.4617E-06
    72.0 -0.7391      0.3268E-06  0.7391      0.3268E-06
    73.0 -0.7128      0.2312E-06  0.7128      0.2312E-06
    74.0 -0.6876      0.1635E-06  0.6876      0.1635E-06
    75.0 -0.6632      0.1155E-06  0.6632      0.1155E-06
    76.0 -0.6398      0.8155E-07  0.6398      0.8155E-07
    77.0 -0.6174      0.5756E-07  0.6174      0.5755E-07
    78.0 -0.5957      0.4060E-07  0.5957      0.4060E-07
    79.0 -0.5748      0.2862E-07  0.5748      0.2862E-07
    80.0 -0.5549      0.2016E-07  0.5549      0.2017E-07
    81.0 -0.5355      0.1419E-07  0.5355      0.1420E-07
    82.0 -0.5169      0.9992E-08  0.5169      0.9997E-08
    83.0 -0.4991      0.7033E-08  0.4991      0.7034E-08
    84.0 -0.4818      0.4946E-08  0.4818      0.4947E-08
    85.0 -0.4652      0.3483E-08  0.4652      0.3477E-08
    86.0 -0.4493      0.2438E-08  0.4493      0.2443E-08
    87.0 -0.4338      0.1720E-08  0.4338      0.1716E-08
    88.0 -0.4191      0.1215E-08  0.4191      0.1205E-08
    89.0 -0.4047      0.8593E-09  0.4047      0.8455E-09
    90.0 -0.3909      0.5844E-09  0.3909      0.5931E-09
    91.0 -0.3777      0.4128E-09  0.3777      0.4159E-09
    92.0 -0.3649      0.2870E-09  0.3649      0.2916E-09
    93.0 -0.3525      0.2117E-09  0.3525      0.2043E-09
    94.0 -0.3407      0.1432E-09  0.3407      0.1431E-09
    95.0 -0.3292      0.9537E-10  0.3292      0.1002E-09
    96.0 -0.3181      0.7719E-10  0.3181      0.7016E-10
    97.0 -0.3076      0.4215E-10  0.3076      0.4910E-10
    98.0 -0.2972      0.6636E-10  0.2972      0.3435E-10
    99.0 -0.2873      0.6440E-12  0.2873      0.2402E-10
   100.0 -0.2778      0.7285E-11  0.2778      0.1680E-10
   101.0 -0.2685     -0.1616E-10  0.2685      0.1174E-10
   102.0 -0.2596     -0.1141E-10  0.2596      0.8204E-11
   103.0 -0.2510      0.6296E-11  0.2510      0.5731E-11
 &
